187,4
187,3
187,2
187,1
187,0
186,4
186,3
186,2
186,1
186,0
185,4
185,3
185,2
185,1
185,0
184,4
184,3
184,2
184,1
184,0
183,4
183,3
183,2
183,1
183,0
182,4
182,3
182,2
182,1
182,0
181,4
181,3
181,2
181,1
181,0
180,4
180,3
180,2
180,1
180,0
179,4
179,3
179,2
179,1
179,0
178,4
178,3
178,2
178,1
178,0
177,4
177,3
177,2
177,1
177,0
176,4
176,3
176,2
176,1
176,0
175,4
175,3
175,2
175,1
175,0
174,4
174,3
174,2
174,1
174,0
173,4
173,3
173,2
173,1
173,0
172,11
172,95
172,78
172,149
172,259
172,108
172,148
172,125
172,195
172,69
172,194
172,193
172,124
172,89
172,147
172,146
172,123
172,35
172,258
172,256
172,257
172,64
172,13
172,122
172,145
172,192
172,121
172,32
172,56
172,120
172,88
172,119
172,41
172,144
172,143
172,118
172,27
172,117
172,26
172,142
172,116
172,79
172,115
172,114
172,141
172,140
172,113
172,139
172,112
172,111
172,40
172,138
172,110
172,60
172,137
172,109
172,46
172,107
172,136
172,106
172,105
172,53
172,59
172,104
172,135
172,103
172,33
172,134
172,102
172,133
172,101
172,100
172,99
172,24
172,98
172,132
172,97
172,80
172,96
172,131
172,16
172,130
172,48
172,94
172,87
172,93
172,129
172,128
172,92
172,91
172,52
172,90
172,43
172,20
172,84
172,86
172,85
172,62
172,83
172,54
172,82
172,81
172,30
172,17
172,36
172,77
172,76
172,75
172,74
172,73
172,72
172,71
172,70
172,68
172,67
172,66
172,65
172,63
172,61
172,58
172,57
172,55
172,51
172,18
172,50
172,49
172,47
172,21
172,45
172,12
172,44
172,42
172,39
172,38
172,37
172,22
172,34
172,31
172,29
172,28
172,25
172,23
172,14
172,19
172,6
172,15
172,5
172,4
172,10
172,9
172,8
172,7
172,3
172,2
172,1
172,0
171,6
171,5
171,4
171,3
171,2
171,1
171,0
170,4
170,3
170,2
170,1
170,0
169,4
169,3
169,2
169,1
169,0
168,4
168,3
168,2
168,1
168,0
167,4
167,3
167,2
167,1
167,0
166,4
166,3
166,2
166,1
166,0
165,4
165,3
165,2
165,1
165,0
164,4
164,3
164,2
164,1
164,0
163,4
163,3
163,2
163,1
163,0
162,4
162,3
162,2
162,1
162,0
161,4
161,3
161,2
161,1
161,0
160,4
160,3
160,2
160,1
160,0
107,4
107,3
107,2
107,1
107,0
91,3
91,2
91,1
91,0
80,4
80,3
80,2
80,1
80,0
77,3
77,2
77,1
77,0
71,3
71,2
71,1
71,0
61,4
61,3
61,2
61,1
61,0
60,4
60,3
60,1
60,0
59,4
59,3
59,1
59,0
58,5
58,4
58,3
58,1
58,0
57,5
57,3
57,1
57,0
54,3
54,1
54,0
52,3
52,1
52,0
50,3
50,1
50,0
43,3
43,1
43,0
40,3
40,1
40,0
4,3
4,2
4,1
4,0
3,6
3,5
3,4
3,3
3,2
3,1
3,0
2,10
2,9
2,8
2,6
2,5
2,4
2,2
1,2
0,446
1,1
0,445
1,3
0,432
1,0
0,408
125,1
0,381
0,377
125,3
0,376
125,0
0,357
2,1
0,351
2,7
0,337
2,3
0,334
133,5
0,322
2,0
133,4
0,314
133,1
0,243
133,3
0,358
133,0
0,9
0,310
0,305
0,308
0,304
0,303
0,302
0,307
0,12
0,355
0,10
0,8
0,0
0,335
0,300
0,379
0,299
0,365
0,298
0,388
0,297
0,422
0,296
0,346
0,295
0,375
0,294
0,339
0,293
0,417
0,292
0,317
0,291
0,390
0,290
0,402
0,289
0,420
0,288
0,413
0,287
0,363
0,286
0,435
0,285
0,370
0,284
0,309
0,283
0,425
0,282
0,356
0,281
0,367
0,280
0,348
0,279
0,332
0,278
0,398
0,277
0,444
0,276
0,313
0,275
107,5
121,0
121,2
121,3
122,0
122,1
122,3
125,2
126,0
126,2
126,3
129,1
129,3
129,4
129,6
130,0
130,2
130,3
135,0
135,2
135,3
135,5
135,6
135,8
137,0
137,1
137,3
137,4
147,1
147,2
148,0
148,2
148,3
149,1
149,2
149,4
151,1
151,2
151,4
153,0
153,2
153,3
154,0
154,2
154,3
154,5
156,0
156,2
156,4
156,5
156,7
156,8
157,0
157,2
157,3
157,5
157,6
158,1
158,2
158,4
159,1
159,2
159,4
159,3
159,0
158,3
158,0
157,4
157,1
156,9
156,6
156,3
156,1
154,4
154,1
153,4
153,1
151,3
151,0
149,3
149,0
148,1
147,3
147,0
137,2
135,9
135,7
135,4
135,1
133,2
130,1
129,5
129,2
129,0
126,1
122,4
122,2
121,4
121,1
0,345
0,274
0,438
0,273
0,361
0,272
0,439
0,271
0,430
0,270
0,411
0,269
0,386
0,268
0,428
0,267
0,415
0,266
0,412
0,265
0,391
0,264
0,436
0,263
0,421
0,262
0,354
0,261
0,330
0,260
0,407
0,259
0,353
0,258
0,323
0,257
0,327
0,256
0,344
0,255
0,429
0,254
0,333
0,253
0,442
0,252
0,319
0,251
0,414
0,250
0,311
0,249
0,324
0,248
0,394
0,247
0,352
0,246
0,383
0,245
0,399
0,244
0,392
0,242
0,387
0,241
0,331
0,240
0,419
0,239
0,441
0,238
0,410
0,237
0,349
0,236
0,369
0,235
0,341
0,234
0,426
0,233
0,318
0,232
0,315
0,231
0,321
0,230
0,397
0,229
0,431
0,228
0,312
0,227
0,440
0,226
0,424
0,225
0,325
0,224
0,423
0,223
0,301
0,222
0,347
0,221
0,306
0,220
0,362
0,219
0,395
0,218
0,409
0,217
0,443
0,216
0,215
0,384
0,214
0,316
0,213
0,405
0,212
0,380
0,211
0,433
0,210
0,400
0,209
0,437
0,208
0,338
0,207
0,371
0,206
0,360
0,205
0,447
0,204
0,329
0,203
0,326
0,202
0,201
0,359
0,200
0,368
0,199
0,401
0,198
0,328
0,197
0,406
0,196
0,364
0,195
0,336
0,194
0,385
0,193
0,396
0,192
0,372
0,63
0,382
0,62
0,373
0,61
0,342
0,60
0,416
0,59
0,418
0,58
0,404
0,57
0,403
0,56
0,427
0,55
0,340
0,54
0,389
0,53
0,378
0,52
0,434
0,51
0,374
0,50
0,49
0,350
0,48
0,393
0,47
0,366
0,46
0,343
0,45
0,320
0,6
0,5
0,1
0,11
0,4
0,2
0,3
0,7
